1
1
2
3
3
4
5
5
6
7
7
8
9
9
10
10
11
12
12
13
14
14
15
16
16
17
18
18
19
20
20
21
22
22
23
24
24
25
26
26
27
27
28
29
29
30
31
31
32
33
33
34
35
35
36
37
37
38
39
39
40
41
41
42
43
43
44
44
45
46
46
47
48
48
49
50
50
51
52
52
53
54
54
55
56
56
57
58
58
59
60
60
61
61
62
63
63
64
65
65
66
67
67
68
69
69
70
71
71
72
73
73
74
75
75
76
77
77
78
78
79
80
80
81
82
82
83
84
84
85
86
86
87
88
88
89
90
90
91
92
92
93
94
94
95
95
96
97
97
98
99
99
100
101
101
102
103
103
104
105
105
106
107
107
108
109
109
110
111
111
112
112
113
114
114
115
116
116
117
118
118
119
120
120
121
122
122
123
124
124
125
126
126
127
128
128
129
129
130
131
131
132
133
133
134
135
135
136
137
137
138
139
139
140
141
141
142
143
143
144
145
145
146
147
147
148
148
149
150
150
151
152
152
153
154
154
155
156
156
157
158
158
159
160
160
161
162
162
163
164
164
165
165
166
167
167
168
169
169
170
171
171
172
173
173
174
175
175
176
177
177
178
179
179
180
181
181
182
182
183
184
184
185
186
186
187
188
188
189
190
190
191
192
192
193
194
194
195
196
196
197
198
198
199
199
200
201
201
202
203
203
204
205
205
206
207
207
208
209
209
210
211
211
212
213
213
214
215
215
216
216
217
218
218
219
220
220
221
222
222
223
224
224
225
226
226
227
228
228
229
230
230
231
232
232
233
233
234
235
235
236
237
237
238
239
239
240
241
241
242
243
243
244
245
245
246
247
247
248
249
249
250
250
251
252
252
253
254
254
255
256
256
257
258
258
259
260
260
261
262
262
263
264
264
265
266
266
267
267
268
269
269
270
271
271
272
273
273
274
275
275
276
277
277
278
279
279
280
281
281
282
283
283
284
284
285
286
286
287
288
288
289
290
290
291
292
292
293
294
294
295
296
296
297
298
298
299
300
300
301
302
302
303
303
304
305
305
306
307
307
308
309
309
310
311
311
312
313
313
314
315
315
316
317
317
318
319
319
320
320
321
322
322
323
324
324
325
326
326
327
328
328
329
330
330
331
332
332
333
334
334
335
336
336
337
337
338
339
339
340
341
341
342
343
343
344
345
345
346
347
347
348
349
349
350
351
351
352
353
353
354
354
355
356
356
357
358
358
359
360
360
361
362
362
363
364
364
365
366
366
367
368
368
369
370
370
371
371
372
373
373
374
375
375
376
377
377
378
379
379
380
381
381
382
383
383
384
385
385
386
387
387
388
388
389
390
390
391
392
392
393
394
394
395
396
396
397
398
398
399
400
400
401
402
402
403
404
404
405
405
406
407
407
408
409
409
410
411
411
412
413
413
414
415
415
416
417
417
418
419
419
420
421
421
422
422
423
424
424
425
426
426
427
428
428
429
430
430
431
432
432
433
434
434
435
436
436
437
438
438
439
440
440
441
441
442
443
443
444
445
445
446
447
447
448
449
449
450
451
451
452
453
453
454
455
455
456
457
457
458
458
459
460
460
461
462
462
463
464
464
465
466
466
467
468
468
469
470
470
471
472
472
473
474
474
475
475
476
477
477
478
479
479
480
481
481
482
483
483
484
485
485
486
487
487
488
489
489
490
491
491
492
492
493
494
494
495
496
496
497
498
498
499
500
500
501
502
502
503
504
504
505
506
506
507
508
508
509
509
510
511
511
512
513
513
514
515
515
516
517
517
518
519
519
520
521
521
522
523
523
524
525
525
526
526
527
528
528
529
530
530
531
532
532
533
534
534
535
536
536
537
538
538
539
540
540
541
542
542
543
543
544
545
545
546
547
547
548
549
549
550
551
551
552
553
553
554
555
555
556
557
557
558
559
559
560
560
561
562
562
563
564
564
565
566
566
567
568
568
569
570
570
571
572
572
573
574
574
575
576
576
577
578
578
579
579
580
581
581
582
583
583
584
585
585
586
587
587
588
589
589
590
591
591
592
593
593
594
595
595
596
596
597
598
598
599
600
600
601
602
602
603
604
604
605
606
606
607
608
608
609
610
610
611
612
612
613
613
614
615
615
616
617
617
618
619
619
620
621
621
622
623
623
624
625
625
626
627
627
628
629
629
630
630
631
632
632
633
634
634
635
636
636
637
638
638
639
640
640
641
642
642
643
644
644
645
646
646
647
647
648
649
649
650
651
651
652
653
653
654
655
655
656
657
657
658
659
659
660
661
661
662
663
663
664
664
665
666
666
667
668
668
669
670
670
671
672
672
673
674
674
675
676
676
677
678
678
679
680
680
681
681
682
683
683
684
685
685
686
687
687
688
689
689
690
691
691
692
693
693
694
695
695
696
697
697
698
698
699
700
700
701
702
702
703
704
704
705
706
706
707
708
708
709
710
710
711
712
712
713
714
714
715
716
716
717
717
718
719
719
720
721
721
722
723
723
724
725
725
726
727
727
728
729
729
730
731
731
732
733
733
734
734
735
736
736
737
738
738
739
740
740
741
742
742
743
744
744
745
746
746
747
748
748
749
750
750
751
751
752
753
753
754
755
755
756
757
757
758
759
759
760
761
761
762
763
763
764
765
765
766
767
767
768
768
769
770
770
771
772
772
773
774
774
775
776
776
777
778
778
779
780
780
781
782
782
783
784
784
785
785
786
787
787
788
789
789
790
791
791
792
793
793
794
795
795
796
797
797
798
799
799
800
801
801
802
802
803
804
804
805
806
806
807
808
808
809
810
810
811
812
812
813
814
814
815
816
816
817
818
818
819
819
820
821
821
822
823
823
824
825
825
826
827
827
828
829
829
830
831
831
832
833
833
834
835
835
836
836
837
838
838
839
840
840
841
842
842
843
844
844
845
846
846
847
848
848
849
850
850
851
852
852
853
853
854
855
855
856
857
857
858
859
859
860
861
861
862
863
863
864
865
865
866
867
867
868
869
869
870
871
871
872
872
873
874
874
875
876
876
877
878
878
879
880
880
881
882
882
883
884
884
885
886
886
887
888
888
889
889
890
891
891
892
893
893
894
895
895
896
897
897
898
899
899
900
901
901
902
903
903
904
905
905
906
906
907
908
908
909
910
910
911
912
912
913
914
914
915
916
916
917
918
918
919
920
920
921
922
922
923
923
924
925
925
926
927
927
928
929
929
930
931
931
932
933
933
934
935
935
936
937
937
938
939
939
940
940
941
942
942
943
944
944
945
946
946
947
948
948
949
950
950
951
952
952
953
954
954
955
956
956
957
957
958
959
959
960
961
961
962
963
963
964
965
965
966
967
967
968
969
969
970
971
971
972
973
973
974
974
975
976
976
977
978
978
979
980
980
981
982
982
983
984
984
985
986
986
987
988
988
989
990
990
991
991
992
993
993
994
995
995
996
997
997
998
999
999
1000
1000
999
999
998
997
997
996
995
995
994
993
993
992
991
991
990
990
989
988
988
987
986
986
985
984
984
983
982
982
981
980
980
979
978
978
977
976
976
975
974
974
973
973
972
971
971
970
969
969
968
967
967
966
965
965
964
963
963
962
961
961
960
959
959
958
957
957
956
956
955
954
954
953
952
952
951
950
950
949
948
948
947
946
946
945
944
944
943
942
942
941
940
940
939
939
938
937
937
936
935
935
934
933
933
932
931
931
930
929
929
928
927
927
926
925
925
924
923
923
922
922
921
920
920
919
918
918
917
916
916
915
914
914
913
912
912
911
910
910
909
908
908
907
906
906
905
905
904
903
903
902
901
901
900
899
899
898
897
897
896
895
895
894
893
893
892
891
891
890
889
889
888
888
887
886
886
885
884
884
883
882
882
881
880
880
879
878
878
877
876
876
875
874
874
873
872
872
871
871
870
869
869
868
867
867
866
865
865
864
863
863
862
861
861
860
859
859
858
857
857
856
855
855
854
853
853
852
852
851
850
850
849
848
848
847
846
846
845
844
844
843
842
842
841
840
840
839
838
838
837
836
836
835
835
834
833
833
832
831
831
830
829
829
828
827
827
826
825
825
824
823
823
822
821
821
820
819
819
818
818
817
816
816
815
814
814
813
812
812
811
810
810
809
808
808
807
806
806
805
804
804
803
802
802
801
801
800
799
799
798
797
797
796
795
795
794
793
793
792
791
791
790
789
789
788
787
787
786
785
785
784
784
783
782
782
781
780
780
779
778
778
777
776
776
775
774
774
773
772
772
771
770
770
769
768
768
767
767
766
765
765
764
763
763
762
761
761
760
759
759
758
757
757
756
755
755
754
753
753
752
751
751
750
750
749
748
748
747
746
746
745
744
744
743
742
742
741
740
740
739
738
738
737
736
736
735
734
734
733
733
732
731
731
730
729
729
728
727
727
726
725
725
724
723
723
722
721
721
720
719
719
718
717
717
716
716
715
714
714
713
712
712
711
710
710
709
708
708
707
706
706
705
704
704
703
702
702
701
700
700
699
698
698
697
697
696
695
695
694
693
693
692
691
691
690
689
689
688
687
687
686
685
685
684
683
683
682
681
681
680
680
679
678
678
677
676
676
675
674
674
673
672
672
671
670
670
669
668
668
667
666
666
665
664
664
663
663
662
661
661
660
659
659
658
657
657
656
655
655
654
653
653
652
651
651
650
649
649
648
647
647
646
646
645
644
644
643
642
642
641
640
640
639
638
638
637
636
636
635
634
634
633
632
632
631
630
630
629
629
628
627
627
626
625
625
624
623
623
622
621
621
620
619
619
618
617
617
616
615
615
614
613
613
612
612
611
610
610
609
608
608
607
606
606
605
604
604
603
602
602
601
600
600
599
598
598
597
596
596
595
595
594
593
593
592
591
591
590
589
589
588
587
587
586
585
585
584
583
583
582
581
581
580
579
579
578
578
577
576
576
575
574
574
573
572
572
571
570
570
569
568
568
567
566
566
565
564
564
563
562
562
561
560
560
559
559
558
557
557
556
555
555
554
553
553
552
551
551
550
549
549
548
547
547
546
545
545
544
543
543
542
542
541
540
540
539
538
538
537
536
536
535
534
534
533
532
532
531
530
530
529
528
528
527
526
526
525
525
524
523
523
522
521
521
520
519
519
518
517
517
516
515
515
514
513
513
512
511
511
510
509
509
508
508
507
506
506
505
504
504
503
502
502
501
500
500
499
498
498
497
496
496
495
494
494
493
492
492
491
491
490
489
489
488
487
487
486
485
485
484
483
483
482
481
481
480
479
479
478
477
477
476
475
475
474
474
473
472
472
471
470
470
469
468
468
467
466
466
465
464
464
463
462
462
461
460
460
459
458
458
457
457
456
455
455
454
453
453
452
451
451
450
449
449
448
447
447
446
445
445
444
443
443
442
441
441
440
440
439
438
438
437
436
436
435
434
434
433
432
432
431
430
430
429
428
428
427
426
426
425
424
424
423
422
422
421
421
420
419
419
418
417
417
416
415
415
414
413
413
412
411
411
410
409
409
408
407
407
406
405
405
404
404
403
402
402
401
400
400
399
398
398
397
396
396
395
394
394
393
392
392
391
390
390
389
388
388
387
387
386
385
385
384
383
383
382
381
381
380
379
379
378
377
377
376
375
375
374
373
373
372
371
371
370
370
369
368
368
367
366
366
365
364
364
363
362
362
361
360
360
359
358
358
357
356
356
355
354
354
353
353
352
351
351
350
349
349
348
347
347
346
345
345
344
343
343
342
341
341
340
339
339
338
337
337
336
336
335
334
334
333
332
332
331
330
330
329
328
328
327
326
326
325
324
324
323
322
322
321
320
320
319
319
318
317
317
316
315
315
314
313
313
312
311
311
310
309
309
308
307
307
306
305
305
304
303
303
302
302
301
300
300
299
298
298
297
296
296
295
294
294
293
292
292
291
290
290
289
288
288
287
286
286
285
284
284
283
283
282
281
281
280
279
279
278
277
277
276
275
275
274
273
273
272
271
271
270
269
269
268
267
267
266
266
265
264
264
263
262
262
261
260
260
259
258
258
257
256
256
255
254
254
253
252
252
251
250
250
249
249
248
247
247
246
245
245
244
243
243
242
241
241
240
239
239
238
237
237
236
235
235
234
233
233
232
232
231
230
230
229
228
228
227
226
226
225
224
224
223
222
222
221
220
220
219
218
218
217
216
216
215
215
214
213
213
212
211
211
210
209
209
208
207
207
206
205
205
204
203
203
202
201
201
200
199
199
198
198
197
196
196
195
194
194
193
192
192
191
190
190
189
188
188
187
186
186
185
184
184
183
182
182
181
181
180
179
179
178
177
177
176
175
175
174
173
173
172
171
171
170
169
169
168
167
167
166
165
165
164
164
163
162
162
161
160
160
159
158
158
157
156
156
155
154
154
153
152
152
151
150
150
149
148
148
147
147
146
145
145
144
143
143
142
141
141
140
139
139
138
137
137
136
135
135
134
133
133
132
131
131
130
129
129
128
128
127
126
126
125
124
124
123
122
122
121
120
120
119
118
118
117
116
116
115
114
114
113
112
112
111
111
110
109
109
108
107
107
106
105
105
104
103
103
102
101
101
100
99
99
98
97
97
96
95
95
94
94
93
92
92
91
90
90
89
88
88
87
86
86
85
84
84
83
82
82
81
80
80
79
78
78
77
77
76
75
75
74
73
73
72
71
71
70
69
69
68
67
67
66
65
65
64
63
63
62
61
61
60
60
59
58
58
57
56
56
55
54
54
53
52
52
51
50
50
49
48
48
47
46
46
45
44
44
43
43
42
41
41
40
39
39
38
37
37
36
35
35
34
33
33
32
31
31
30
29
29
28
27
27
26
26
25
24
24
23
22
22
21
20
20
19
18
18
17
16
16
15
14
14
13
12
12
11
10
10
9
9
8
7
7
6
5
5
4
3
3
2
1
1
